#iteration/nodeId/similarity
0|2|0.03636364
0|5|0.36363637
0|3|0.36363637
0|4|0.03636364
1|5|0.30687806
1|4|0.07656411
1|2|0.060874566
1|3|0.3556833
2|2|0.06584518
2|5|0.2909094
2|3|0.3517003
2|4|0.0915451
3|5|0.2880246
3|4|0.09833155
3|3|0.3497664
3|2|0.06387748
4|5|0.28853872
4|4|0.10150451
4|3|0.3488029
4|2|0.06115388
5|2|0.059163105
5|5|0.28945816
5|3|0.34832096
5|4|0.1030578
6|3|0.34808046
6|4|0.10382313
6|2|0.05796286
6|5|0.29013354
7|2|0.057304487
7|5|0.2905322
7|3|0.34796032
7|4|0.10420299
8|5|0.29074824
8|4|0.104391925
8|3|0.34790027
8|2|0.056959543
9|3|0.34787026
9|4|0.10448626
9|5|0.29086035
9|2|0.056783073
10|5|0.29091746
10|4|0.10453341
10|2|0.05669382
10|3|0.34785524
11|3|0.34784773
11|4|0.10455699
11|2|0.056648936
11|5|0.29094627
12|5|0.2909608
12|4|0.10456877
12|2|0.05662643
12|3|0.34784397
13|2|0.056615163
13|5|0.29096806
13|3|0.3478421
13|4|0.104574665
14|5|0.2909717
14|4|0.10457761
14|3|0.34784117
14|2|0.056609523
15|5|0.29097348
15|4|0.10457908
15|2|0.056606703
15|3|0.3478407
16|3|0.34784046
16|4|0.10457983
16|2|0.05660529
16|5|0.29097438
17|3|0.34784037
17|4|0.104580194
17|2|0.056604587
17|5|0.29097486
18|5|0.29097506
18|4|0.10458038
18|3|0.3478403
18|2|0.056604233
19|2|0.056604058
19|5|0.29097518
19|3|0.34784028
19|4|0.10458047
20|3|0.34784028
20|4|0.104580514
20|2|0.05660397
20|5|0.29097524
21|3|0.34784025
21|4|0.10458054
21|5|0.29097524
21|2|0.056603927
22|2|0.056603905
22|5|0.29097527
22|4|0.10458055
22|3|0.34784025
23|2|0.056603894
23|5|0.29097527
23|3|0.34784025
23|4|0.10458055
24|5|0.2909753
24|4|0.10458055
24|3|0.34784025
24|2|0.056603886
25|2|0.056603882
25|5|0.2909753
25|4|0.10458056
25|3|0.34784025
26|3|0.34784025
26|4|0.10458056
26|2|0.056603882
26|5|0.2909753
27|3|0.34784025
27|4|0.10458056
27|5|0.2909753
27|2|0.056603882
28|5|0.2909753
28|4|0.10458056
28|2|0.056603882
28|3|0.34784025
29|2|0.056603882
29|5|0.2909753
29|3|0.34784025
29|4|0.10458056
30|5|0.2909753
30|4|0.10458056
30|3|0.34784025
30|2|0.056603882
31|2|0.056603882
31|5|0.2909753
31|3|0.34784025
31|4|0.10458056
32|5|0.2909753
32|4|0.10458056
32|3|0.34784025
32|2|0.056603882
33|2|0.056603882
33|5|0.2909753
33|3|0.34784025
33|4|0.10458056
34|3|0.34784025
34|4|0.10458056
34|5|0.2909753
34|2|0.056603882
35|2|0.056603882
35|5|0.2909753
35|4|0.10458056
35|3|0.34784025
36|5|0.2909753
36|4|0.10458056
36|3|0.34784025
36|2|0.056603882
37|5|0.2909753
37|4|0.10458056
37|3|0.34784025
37|2|0.056603882
38|3|0.34784025
38|4|0.10458056
38|2|0.056603882
38|5|0.2909753
39|2|0.056603882
39|5|0.2909753
39|3|0.34784025
39|4|0.10458056
40|3|0.34784025
40|4|0.10458056
40|5|0.2909753
40|2|0.056603882
41|2|0.056603882
41|5|0.2909753
41|3|0.34784025
41|4|0.10458056
42|5|0.2909753
42|4|0.10458056
42|2|0.056603882
42|3|0.34784025
43|2|0.056603882
43|5|0.2909753
43|4|0.10458056
43|3|0.34784025
44|5|0.2909753
44|4|0.10458056
44|2|0.056603882
44|3|0.34784025
45|5|0.2909753
45|4|0.10458056
45|2|0.056603882
45|3|0.34784025
46|3|0.34784025
46|4|0.10458056
46|5|0.2909753
46|2|0.056603882
47|5|0.2909753
47|4|0.10458056
47|3|0.34784025
47|2|0.056603882
48|2|0.056603882
48|5|0.2909753
48|3|0.34784025
48|4|0.10458056
49|2|0.056603882
49|5|0.2909753
49|4|0.10458056
49|3|0.34784025
50|5|0.2909753
50|4|0.10458056
50|3|0.34784025
50|2|0.056603882
51|2|0.056603882
51|5|0.2909753
51|4|0.10458056
51|3|0.34784025
52|3|0.34784025
52|4|0.10458056
52|5|0.2909753
52|2|0.056603882
53|2|0.056603882
53|5|0.2909753
53|4|0.10458056
53|3|0.34784025
54|5|0.2909753
54|4|0.10458056
54|2|0.056603882
54|3|0.34784025
55|2|0.056603882
55|5|0.2909753
55|4|0.10458056
55|3|0.34784025
56|5|0.2909753
56|4|0.10458056
56|3|0.34784025
56|2|0.056603882
57|3|0.34784025
57|4|0.10458056
57|5|0.2909753
57|2|0.056603882
58|2|0.056603882
58|5|0.2909753
58|3|0.34784025
58|4|0.10458056
59|3|0.34784025
59|4|0.10458056
59|2|0.056603882
59|5|0.2909753
60|5|0.2909753
60|4|0.10458056
60|3|0.34784025
60|2|0.056603882
61|2|0.056603882
61|5|0.2909753
61|3|0.34784025
61|4|0.10458056
62|5|0.2909753
62|4|0.10458056
62|3|0.34784025
62|2|0.056603882
63|2|0.056603882
63|5|0.2909753
63|4|0.10458056
63|3|0.34784025
64|3|0.34784025
64|4|0.10458056
64|5|0.2909753
64|2|0.056603882
65|2|0.056603882
65|5|0.2909753
65|4|0.10458056
65|3|0.34784025
66|3|0.34784025
66|4|0.10458056
66|2|0.056603882
66|5|0.2909753
67|5|0.2909753
67|4|0.10458056
67|2|0.056603882
67|3|0.34784025
68|3|0.34784025
68|4|0.10458056
68|5|0.2909753
68|2|0.056603882
69|3|0.34784025
69|4|0.10458056
69|2|0.056603882
69|5|0.2909753
70|2|0.056603882
70|5|0.2909753
70|4|0.10458056
70|3|0.34784025
71|5|0.2909753
71|4|0.10458056
71|2|0.056603882
71|3|0.34784025
72|2|0.056603882
72|5|0.2909753
72|4|0.10458056
72|3|0.34784025
73|5|0.2909753
73|4|0.10458056
73|3|0.34784025
73|2|0.056603882
74|5|0.2909753
74|4|0.10458056
74|2|0.056603882
74|3|0.34784025
75|3|0.34784025
75|4|0.10458056
75|2|0.056603882
75|5|0.2909753
76|2|0.056603882
76|5|0.2909753
76|4|0.10458056
76|3|0.34784025
77|3|0.34784025
77|4|0.10458056
77|5|0.2909753
77|2|0.056603882
78|5|0.2909753
78|4|0.10458056
78|2|0.056603882
78|3|0.34784025
79|5|0.2909753
79|4|0.10458056
79|2|0.056603882
79|3|0.34784025
80|2|0.056603882
80|5|0.2909753
80|4|0.10458056
80|3|0.34784025
81|3|0.34784025
81|4|0.10458056
81|5|0.2909753
81|2|0.056603882
82|3|0.34784025
82|4|0.10458056
82|2|0.056603882
82|5|0.2909753
83|3|0.34784025
83|4|0.10458056
83|5|0.2909753
83|2|0.056603882
84|5|0.2909753
84|4|0.10458056
84|2|0.056603882
84|3|0.34784025
85|3|0.34784025
85|4|0.10458056
85|2|0.056603882
85|5|0.2909753
86|3|0.34784025
86|4|0.10458056
86|2|0.056603882
86|5|0.2909753
87|3|0.34784025
87|4|0.10458056
87|2|0.056603882
87|5|0.2909753
88|2|0.056603882
88|5|0.2909753
88|3|0.34784025
88|4|0.10458056
89|2|0.056603882
89|5|0.2909753
89|4|0.10458056
89|3|0.34784025
90|3|0.34784025
90|4|0.10458056
90|2|0.056603882
90|5|0.2909753
91|5|0.2909753
91|4|0.10458056
91|2|0.056603882
91|3|0.34784025
92|3|0.34784025
92|4|0.10458056
92|2|0.056603882
92|5|0.2909753
93|5|0.2909753
93|4|0.10458056
93|2|0.056603882
93|3|0.34784025
94|5|0.2909753
94|4|0.10458056
94|3|0.34784025
94|2|0.056603882
95|2|0.056603882
95|5|0.2909753
95|3|0.34784025
95|4|0.10458056
96|2|0.056603882
96|5|0.2909753
96|4|0.10458056
96|3|0.34784025
97|3|0.34784025
97|4|0.10458056
97|2|0.056603882
97|5|0.2909753
98|5|0.2909753
98|4|0.10458056
98|3|0.34784025
98|2|0.056603882
99|3|0.34784025
99|4|0.10458056
99|2|0.056603882
99|5|0.2909753
100|3|0.34784025
100|4|0.10458056
100|5|0.2909753
100|2|0.056603882
101|3|0.34784025
101|4|0.10458056
101|2|0.056603882
101|5|0.2909753
102|3|0.34784025
102|4|0.10458056
102|5|0.2909753
102|2|0.056603882
103|3|0.34784025
103|4|0.10458056
103|5|0.2909753
103|2|0.056603882
104|3|0.34784025
104|4|0.10458056
104|2|0.056603882
104|5|0.2909753
105|5|0.2909753
105|4|0.10458056
105|3|0.34784025
105|2|0.056603882
106|5|0.2909753
106|4|0.10458056
106|2|0.056603882
106|3|0.34784025
107|5|0.2909753
107|4|0.10458056
107|3|0.34784025
107|2|0.056603882
108|5|0.2909753
108|4|0.10458056
108|3|0.34784025
108|2|0.056603882
109|2|0.056603882
109|5|0.2909753
109|4|0.10458056
109|3|0.34784025
110|5|0.2909753
110|4|0.10458056
110|2|0.056603882
110|3|0.34784025
111|3|0.34784025
111|4|0.10458056
111|2|0.056603882
111|5|0.2909753
112|2|0.056603882
112|5|0.2909753
112|3|0.34784025
112|4|0.10458056
113|3|0.34784025
113|4|0.10458056
113|2|0.056603882
113|5|0.2909753
114|5|0.2909753
114|4|0.10458056
114|2|0.056603882
114|3|0.34784025
115|3|0.34784025
115|4|0.10458056
115|2|0.056603882
115|5|0.2909753
116|3|0.34784025
116|4|0.10458056
116|2|0.056603882
116|5|0.2909753
117|2|0.056603882
117|5|0.2909753
117|4|0.10458056
117|3|0.34784025
118|5|0.2909753
118|4|0.10458056
118|3|0.34784025
118|2|0.056603882
119|2|0.056603882
119|5|0.2909753
119|3|0.34784025
119|4|0.10458056
120|3|0.34784025
120|4|0.10458056
120|2|0.056603882
120|5|0.2909753
121|2|0.056603882
121|5|0.2909753
121|4|0.10458056
121|3|0.34784025
122|3|0.34784025
122|4|0.10458056
122|2|0.056603882
122|5|0.2909753
123|5|0.2909753
123|4|0.10458056
123|3|0.34784025
123|2|0.056603882
124|2|0.056603882
124|5|0.2909753
124|3|0.34784025
124|4|0.10458056
125|3|0.34784025
125|4|0.10458056
125|5|0.2909753
125|2|0.056603882
126|5|0.2909753
126|4|0.10458056
126|3|0.34784025
126|2|0.056603882
127|3|0.34784025
127|4|0.10458056
127|2|0.056603882
127|5|0.2909753
128|5|0.2909753
128|4|0.10458056
128|2|0.056603882
128|3|0.34784025
129|2|0.056603882
129|5|0.2909753
129|3|0.34784025
129|4|0.10458056
130|5|0.2909753
130|4|0.10458056
130|2|0.056603882
130|3|0.34784025
131|2|0.056603882
131|5|0.2909753
131|4|0.10458056
131|3|0.34784025
132|3|0.34784025
132|4|0.10458056
132|2|0.056603882
132|5|0.2909753
133|5|0.2909753
133|4|0.10458056
133|3|0.34784025
133|2|0.056603882
134|3|0.34784025
134|4|0.10458056
134|5|0.2909753
134|2|0.056603882
135|2|0.056603882
135|5|0.2909753
135|3|0.34784025
135|4|0.10458056
136|5|0.2909753
136|4|0.10458056
136|2|0.056603882
136|3|0.34784025
137|2|0.056603882
137|5|0.2909753
137|4|0.10458056
137|3|0.34784025
138|5|0.2909753
138|4|0.10458056
138|3|0.34784025
138|2|0.056603882
139|5|0.2909753
139|4|0.10458056
139|3|0.34784025
139|2|0.056603882
140|3|0.34784025
140|4|0.10458056
140|5|0.2909753
140|2|0.056603882
141|5|0.2909753
141|4|0.10458056
141|3|0.34784025
141|2|0.056603882
142|2|0.056603882
142|5|0.2909753
142|4|0.10458056
142|3|0.34784025
143|5|0.2909753
143|4|0.10458056
143|3|0.34784025
143|2|0.056603882
144|5|0.2909753
144|4|0.10458056
144|2|0.056603882
144|3|0.34784025
145|5|0.2909753
145|4|0.10458056
145|2|0.056603882
145|3|0.34784025
146|3|0.34784025
146|4|0.10458056
146|2|0.056603882
146|5|0.2909753
147|3|0.34784025
147|4|0.10458056
147|5|0.2909753
147|2|0.056603882
148|2|0.056603882
148|5|0.2909753
148|3|0.34784025
148|4|0.10458056
149|3|0.34784025
149|4|0.10458056
149|2|0.056603882
149|5|0.2909753
150|3|0.34784025
150|4|0.10458056
150|5|0.2909753
150|2|0.056603882
151|2|0.056603882
151|5|0.2909753
151|4|0.10458056
151|3|0.34784025
152|5|0.2909753
152|4|0.10458056
152|3|0.34784025
152|2|0.056603882
153|5|0.2909753
153|4|0.10458056
153|2|0.056603882
153|3|0.34784025
154|5|0.2909753
154|4|0.10458056
154|3|0.34784025
154|2|0.056603882
155|5|0.2909753
155|4|0.10458056
155|2|0.056603882
155|3|0.34784025
156|5|0.2909753
156|4|0.10458056
156|3|0.34784025
156|2|0.056603882
157|3|0.34784025
157|4|0.10458056
157|5|0.2909753
157|2|0.056603882
158|3|0.34784025
158|4|0.10458056
158|5|0.2909753
158|2|0.056603882
159|3|0.34784025
159|4|0.10458056
159|2|0.056603882
159|5|0.2909753
160|3|0.34784025
160|4|0.10458056
160|5|0.2909753
160|2|0.056603882
161|2|0.056603882
161|5|0.2909753
161|3|0.34784025
161|4|0.10458056
162|2|0.056603882
162|5|0.2909753
162|4|0.10458056
162|3|0.34784025
163|5|0.2909753
163|4|0.10458056
163|3|0.34784025
163|2|0.056603882
164|5|0.2909753
164|4|0.10458056
164|2|0.056603882
164|3|0.34784025
165|5|0.2909753
165|4|0.10458056
165|2|0.056603882
165|3|0.34784025
166|2|0.056603882
166|5|0.2909753
166|3|0.34784025
166|4|0.10458056
167|5|0.2909753
167|4|0.10458056
167|3|0.34784025
167|2|0.056603882
168|5|0.2909753
168|4|0.10458056
168|2|0.056603882
168|3|0.34784025
169|5|0.2909753
169|4|0.10458056
169|3|0.34784025
169|2|0.056603882
170|3|0.34784025
170|4|0.10458056
170|2|0.056603882
170|5|0.2909753
171|5|0.2909753
171|4|0.10458056
171|2|0.056603882
171|3|0.34784025
172|2|0.056603882
172|5|0.2909753
172|3|0.34784025
172|4|0.10458056
173|5|0.2909753
173|4|0.10458056
173|3|0.34784025
173|2|0.056603882
174|3|0.34784025
174|4|0.10458056
174|5|0.2909753
174|2|0.056603882
175|5|0.2909753
175|4|0.10458056
175|2|0.056603882
175|3|0.34784025
176|2|0.056603882
176|5|0.2909753
176|3|0.34784025
176|4|0.10458056
177|5|0.2909753
177|4|0.10458056
177|2|0.056603882
177|3|0.34784025
178|2|0.056603882
178|5|0.2909753
178|3|0.34784025
178|4|0.10458056
179|3|0.34784025
179|4|0.10458056
179|2|0.056603882
179|5|0.2909753
180|3|0.34784025
180|4|0.10458056
180|2|0.056603882
180|5|0.2909753
181|2|0.056603882
181|5|0.2909753
181|3|0.34784025
181|4|0.10458056
182|5|0.2909753
182|4|0.10458056
182|2|0.056603882
182|3|0.34784025
183|5|0.2909753
183|4|0.10458056
183|3|0.34784025
183|2|0.056603882
184|3|0.34784025
184|4|0.10458056
184|2|0.056603882
184|5|0.2909753
185|3|0.34784025
185|4|0.10458056
185|2|0.056603882
185|5|0.2909753
186|5|0.2909753
186|4|0.10458056
186|2|0.056603882
186|3|0.34784025
187|5|0.2909753
187|4|0.10458056
187|2|0.056603882
187|3|0.34784025
188|3|0.34784025
188|4|0.10458056
188|2|0.056603882
188|5|0.2909753
189|2|0.056603882
189|5|0.2909753
189|4|0.10458056
189|3|0.34784025
190|2|0.056603882
190|5|0.2909753
190|3|0.34784025
190|4|0.10458056
191|2|0.056603882
191|5|0.2909753
191|3|0.34784025
191|4|0.10458056
192|5|0.2909753
192|4|0.10458056
192|3|0.34784025
192|2|0.056603882
193|2|0.056603882
193|5|0.2909753
193|3|0.34784025
193|4|0.10458056
194|3|0.34784025
194|4|0.10458056
194|2|0.056603882
194|5|0.2909753
195|3|0.34784025
195|4|0.10458056
195|2|0.056603882
195|5|0.2909753
196|3|0.34784025
196|4|0.10458056
196|5|0.2909753
196|2|0.056603882
197|3|0.34784025
197|4|0.10458056
197|2|0.056603882
197|5|0.2909753
198|3|0.34784025
198|4|0.10458056
198|2|0.056603882
198|5|0.2909753
199|3|0.34784025
199|4|0.10458056
199|2|0.056603882
199|5|0.2909753
200|2|0.056603882
200|5|0.2909753
200|4|0.10458056
200|3|0.34784025
201|2|0.056603882
201|5|0.2909753
201|3|0.34784025
201|4|0.10458056
202|2|0.056603882
202|5|0.2909753
202|4|0.10458056
202|3|0.34784025
203|2|0.056603882
203|5|0.2909753
203|4|0.10458056
203|3|0.34784025
204|2|0.056603882
204|5|0.2909753
204|4|0.10458056
204|3|0.34784025
205|5|0.2909753
205|4|0.10458056
205|2|0.056603882
205|3|0.34784025
206|5|0.2909753
206|4|0.10458056
206|3|0.34784025
206|2|0.056603882
207|2|0.056603882
207|5|0.2909753
207|4|0.10458056
207|3|0.34784025
208|2|0.056603882
208|5|0.2909753
208|4|0.10458056
208|3|0.34784025
209|5|0.2909753
209|4|0.10458056
209|3|0.34784025
209|2|0.056603882
210|2|0.056603882
210|5|0.2909753
210|3|0.34784025
210|4|0.10458056
211|2|0.056603882
211|5|0.2909753
211|4|0.10458056
211|3|0.34784025
212|5|0.2909753
212|4|0.10458056
212|3|0.34784025
212|2|0.056603882
213|2|0.056603882
213|5|0.2909753
213|3|0.34784025
213|4|0.10458056
214|2|0.056603882
214|5|0.2909753
214|4|0.10458056
214|3|0.34784025
215|2|0.056603882
215|5|0.2909753
215|4|0.10458056
215|3|0.34784025
216|3|0.34784025
216|4|0.10458056
216|5|0.2909753
216|2|0.056603882
217|3|0.34784025
217|4|0.10458056
217|2|0.056603882
217|5|0.2909753
218|2|0.056603882
218|5|0.2909753
218|4|0.10458056
218|3|0.34784025
219|2|0.056603882
219|5|0.2909753
219|4|0.10458056
219|3|0.34784025
220|5|0.2909753
220|4|0.10458056
220|2|0.056603882
220|3|0.34784025
221|2|0.056603882
221|5|0.2909753
221|4|0.10458056
221|3|0.34784025
222|2|0.056603882
222|5|0.2909753
222|4|0.10458056
222|3|0.34784025
223|3|0.34784025
223|4|0.10458056
223|5|0.2909753
223|2|0.056603882
224|5|0.2909753
224|4|0.10458056
224|2|0.056603882
224|3|0.34784025
225|3|0.34784025
225|4|0.10458056
225|2|0.056603882
225|5|0.2909753
226|5|0.2909753
226|4|0.10458056
226|3|0.34784025
226|2|0.056603882
227|2|0.056603882
227|5|0.2909753
227|3|0.34784025
227|4|0.10458056
228|2|0.056603882
228|5|0.2909753
228|4|0.10458056
228|3|0.34784025
229|5|0.2909753
229|4|0.10458056
229|2|0.056603882
229|3|0.34784025
230|3|0.34784025
230|4|0.10458056
230|5|0.2909753
230|2|0.056603882
231|3|0.34784025
231|4|0.10458056
231|2|0.056603882
231|5|0.2909753
232|3|0.34784025
232|4|0.10458056
232|2|0.056603882
232|5|0.2909753
233|2|0.056603882
233|5|0.2909753
233|4|0.10458056
233|3|0.34784025
234|3|0.34784025
234|4|0.10458056
234|2|0.056603882
234|5|0.2909753
235|2|0.056603882
235|5|0.2909753
235|4|0.10458056
235|3|0.34784025
236|3|0.34784025
236|4|0.10458056
236|5|0.2909753
236|2|0.056603882
237|2|0.056603882
237|5|0.2909753
237|4|0.10458056
237|3|0.34784025
238|2|0.056603882
238|5|0.2909753
238|3|0.34784025
238|4|0.10458056
239|2|0.056603882
239|5|0.2909753
239|4|0.10458056
239|3|0.34784025
240|3|0.34784025
240|4|0.10458056
240|5|0.2909753
240|2|0.056603882
241|5|0.2909753
241|4|0.10458056
241|3|0.34784025
241|2|0.056603882
242|2|0.056603882
242|5|0.2909753
242|4|0.10458056
242|3|0.34784025
243|3|0.34784025
243|4|0.10458056
243|2|0.056603882
243|5|0.2909753
244|3|0.34784025
244|4|0.10458056
244|5|0.2909753
244|2|0.056603882
245|2|0.056603882
245|5|0.2909753
245|3|0.34784025
245|4|0.10458056
246|5|0.2909753
246|4|0.10458056
246|3|0.34784025
246|2|0.056603882
247|3|0.34784025
247|4|0.10458056
247|5|0.2909753
247|2|0.056603882
248|2|0.056603882
248|5|0.2909753
248|4|0.10458056
248|3|0.34784025
249|3|0.34784025
249|4|0.10458056
249|5|0.2909753
249|2|0.056603882
250|2|0.056603882
250|5|0.2909753
250|3|0.34784025
250|4|0.10458056
251|3|0.34784025
251|4|0.10458056
251|5|0.2909753
251|2|0.056603882
252|2|0.056603882
252|5|0.2909753
252|3|0.34784025
252|4|0.10458056
253|3|0.34784025
253|4|0.10458056
253|2|0.056603882
253|5|0.2909753
254|3|0.34784025
254|4|0.10458056
254|2|0.056603882
254|5|0.2909753
255|5|0.2909753
255|4|0.10458056
255|3|0.34784025
255|2|0.056603882
256|2|0.056603882
256|5|0.2909753
256|4|0.10458056
256|3|0.34784025
257|2|0.056603882
257|5|0.2909753
257|3|0.34784025
257|4|0.10458056
258|3|0.34784025
258|4|0.10458056
258|5|0.2909753
258|2|0.056603882
259|3|0.34784025
259|4|0.10458056
259|2|0.056603882
259|5|0.2909753
260|5|0.2909753
260|4|0.10458056
260|2|0.056603882
260|3|0.34784025
261|3|0.34784025
261|4|0.10458056
261|2|0.056603882
261|5|0.2909753
262|3|0.34784025
262|4|0.10458056
262|5|0.2909753
262|2|0.056603882
263|2|0.056603882
263|5|0.2909753
263|4|0.10458056
263|3|0.34784025
264|5|0.2909753
264|4|0.10458056
264|2|0.056603882
264|3|0.34784025
265|5|0.2909753
265|4|0.10458056
265|2|0.056603882
265|3|0.34784025
266|5|0.2909753
266|4|0.10458056
266|3|0.34784025
266|2|0.056603882
267|2|0.056603882
267|5|0.2909753
267|4|0.10458056
267|3|0.34784025
268|5|0.2909753
268|4|0.10458056
268|2|0.056603882
268|3|0.34784025
269|3|0.34784025
269|4|0.10458056
269|5|0.2909753
269|2|0.056603882
270|5|0.2909753
270|4|0.10458056
270|3|0.34784025
270|2|0.056603882
271|3|0.34784025
271|4|0.10458056
271|5|0.2909753
271|2|0.056603882
272|2|0.056603882
272|5|0.2909753
272|4|0.10458056
272|3|0.34784025
273|5|0.2909753
273|4|0.10458056
273|3|0.34784025
273|2|0.056603882
274|2|0.056603882
274|5|0.2909753
274|3|0.34784025
274|4|0.10458056
275|2|0.056603882
275|5|0.2909753
275|3|0.34784025
275|4|0.10458056
276|5|0.2909753
276|4|0.10458056
276|2|0.056603882
276|3|0.34784025
277|2|0.056603882
277|5|0.2909753
277|3|0.34784025
277|4|0.10458056
278|2|0.056603882
278|5|0.2909753
278|4|0.10458056
278|3|0.34784025
279|2|0.056603882
279|5|0.2909753
279|3|0.34784025
279|4|0.10458056
280|3|0.34784025
280|4|0.10458056
280|2|0.056603882
280|5|0.2909753
281|2|0.056603882
281|5|0.2909753
281|4|0.10458056
281|3|0.34784025
282|5|0.2909753
282|4|0.10458056
282|3|0.34784025
282|2|0.056603882
283|5|0.2909753
283|4|0.10458056
283|2|0.056603882
283|3|0.34784025
284|2|0.056603882
284|5|0.2909753
284|3|0.34784025
284|4|0.10458056
285|2|0.056603882
285|5|0.2909753
285|3|0.34784025
285|4|0.10458056
286|3|0.34784025
286|4|0.10458056
286|2|0.056603882
286|5|0.2909753
287|2|0.056603882
287|5|0.2909753
287|4|0.10458056
287|3|0.34784025
288|2|0.056603882
288|5|0.2909753
288|3|0.34784025
288|4|0.10458056
289|3|0.34784025
289|4|0.10458056
289|2|0.056603882
289|5|0.2909753
290|2|0.056603882
290|5|0.2909753
290|4|0.10458056
290|3|0.34784025
291|2|0.056603882
291|5|0.2909753
291|4|0.10458056
291|3|0.34784025
292|2|0.056603882
292|5|0.2909753
292|3|0.34784025
292|4|0.10458056
293|5|0.2909753
293|4|0.10458056
293|2|0.056603882
293|3|0.34784025
294|5|0.2909753
294|4|0.10458056
294|2|0.056603882
294|3|0.34784025
295|2|0.056603882
295|5|0.2909753
295|4|0.10458056
295|3|0.34784025
296|3|0.34784025
296|4|0.10458056
296|5|0.2909753
296|2|0.056603882
297|3|0.34784025
297|4|0.10458056
297|5|0.2909753
297|2|0.056603882
298|3|0.34784025
298|4|0.10458056
298|5|0.2909753
298|2|0.056603882
299|2|0.056603882
299|5|0.2909753
299|3|0.34784025
299|4|0.10458056
300|5|0.2909753
300|4|0.10458056
300|3|0.34784025
300|2|0.056603882
301|5|0.2909753
301|4|0.10458056
301|2|0.056603882
301|3|0.34784025
302|3|0.34784025
302|4|0.10458056
302|5|0.2909753
302|2|0.056603882
303|2|0.056603882
303|5|0.2909753
303|3|0.34784025
303|4|0.10458056
304|5|0.2909753
304|4|0.10458056
304|2|0.056603882
304|3|0.34784025
305|5|0.2909753
305|4|0.10458056
305|3|0.34784025
305|2|0.056603882
306|3|0.34784025
306|4|0.10458056
306|5|0.2909753
306|2|0.056603882
307|3|0.34784025
307|4|0.10458056
307|2|0.056603882
307|5|0.2909753
308|5|0.2909753
308|4|0.10458056
308|3|0.34784025
308|2|0.056603882
309|3|0.34784025
309|4|0.10458056
309|2|0.056603882
309|5|0.2909753
310|5|0.2909753
310|4|0.10458056
310|2|0.056603882
310|3|0.34784025
311|2|0.056603882
311|5|0.2909753
311|4|0.10458056
311|3|0.34784025
312|5|0.2909753
312|4|0.10458056
312|2|0.056603882
312|3|0.34784025
313|3|0.34784025
313|4|0.10458056
313|5|0.2909753
313|2|0.056603882
314|5|0.2909753
314|4|0.10458056
314|2|0.056603882
314|3|0.34784025
315|2|0.056603882
315|5|0.2909753
315|4|0.10458056
315|3|0.34784025
316|3|0.34784025
316|4|0.10458056
316|2|0.056603882
316|5|0.2909753
317|2|0.056603882
317|5|0.2909753
317|4|0.10458056
317|3|0.34784025
318|3|0.34784025
318|4|0.10458056
318|2|0.056603882
318|5|0.2909753
319|5|0.2909753
319|4|0.10458056
319|3|0.34784025
319|2|0.056603882
320|5|0.2909753
320|4|0.10458056
320|2|0.056603882
320|3|0.34784025
321|2|0.056603882
321|5|0.2909753
321|4|0.10458056
321|3|0.34784025
322|2|0.056603882
322|5|0.2909753
322|4|0.10458056
322|3|0.34784025
323|2|0.056603882
323|5|0.2909753
323|4|0.10458056
323|3|0.34784025
324|2|0.056603882
324|5|0.2909753
324|3|0.34784025
324|4|0.10458056
325|5|0.2909753
325|4|0.10458056
325|3|0.34784025
325|2|0.056603882
326|2|0.056603882
326|5|0.2909753
326|4|0.10458056
326|3|0.34784025
327|3|0.34784025
327|4|0.10458056
327|5|0.2909753
327|2|0.056603882
328|3|0.34784025
328|4|0.10458056
328|2|0.056603882
328|5|0.2909753
329|5|0.2909753
329|4|0.10458056
329|3|0.34784025
329|2|0.056603882
330|5|0.2909753
330|4|0.10458056
330|3|0.34784025
330|2|0.056603882
331|5|0.2909753
331|4|0.10458056
331|3|0.34784025
331|2|0.056603882
332|5|0.2909753
332|4|0.10458056
332|2|0.056603882
332|3|0.34784025
333|2|0.056603882
333|5|0.2909753
333|3|0.34784025
333|4|0.10458056
334|3|0.34784025
334|4|0.10458056
334|5|0.2909753
334|2|0.056603882
335|5|0.2909753
335|4|0.10458056
335|3|0.34784025
335|2|0.056603882
336|5|0.2909753
336|4|0.10458056
336|2|0.056603882
336|3|0.34784025
337|2|0.056603882
337|5|0.2909753
337|4|0.10458056
337|3|0.34784025
338|3|0.34784025
338|4|0.10458056
338|5|0.2909753
338|2|0.056603882
339|2|0.056603882
339|5|0.2909753
339|3|0.34784025
339|4|0.10458056
340|5|0.2909753
340|4|0.10458056
340|2|0.056603882
340|3|0.34784025
341|5|0.2909753
341|4|0.10458056
341|3|0.34784025
341|2|0.056603882
342|3|0.34784025
342|4|0.10458056
342|5|0.2909753
342|2|0.056603882
343|5|0.2909753
343|4|0.10458056
343|3|0.34784025
343|2|0.056603882
344|3|0.34784025
344|4|0.10458056
344|2|0.056603882
344|5|0.2909753
345|5|0.2909753
345|4|0.10458056
345|3|0.34784025
345|2|0.056603882
346|2|0.056603882
346|5|0.2909753
346|3|0.34784025
346|4|0.10458056
347|3|0.34784025
347|4|0.10458056
347|5|0.2909753
347|2|0.056603882
348|2|0.056603882
348|5|0.2909753
348|3|0.34784025
348|4|0.10458056
349|5|0.2909753
349|4|0.10458056
349|2|0.056603882
349|3|0.34784025
350|3|0.34784025
350|4|0.10458056
350|5|0.2909753
350|2|0.056603882
351|3|0.34784025
351|4|0.10458056
351|5|0.2909753
351|2|0.056603882
352|2|0.056603882
352|5|0.2909753
352|3|0.34784025
352|4|0.10458056
353|2|0.056603882
353|5|0.2909753
353|3|0.34784025
353|4|0.10458056
354|3|0.34784025
354|4|0.10458056
354|5|0.2909753
354|2|0.056603882
355|2|0.056603882
355|5|0.2909753
355|4|0.10458056
355|3|0.34784025
356|3|0.34784025
356|4|0.10458056
356|5|0.2909753
356|2|0.056603882
357|5|0.2909753
357|4|0.10458056
357|3|0.34784025
357|2|0.056603882
358|3|0.34784025
358|4|0.10458056
358|2|0.056603882
358|5|0.2909753
359|5|0.2909753
359|4|0.10458056
359|3|0.34784025
359|2|0.056603882
360|5|0.2909753
360|4|0.10458056
360|3|0.34784025
360|2|0.056603882
361|2|0.056603882
361|5|0.2909753
361|4|0.10458056
361|3|0.34784025
362|3|0.34784025
362|4|0.10458056
362|5|0.2909753
362|2|0.056603882
363|2|0.056603882
363|5|0.2909753
363|4|0.10458056
363|3|0.34784025
364|2|0.056603882
364|5|0.2909753
364|3|0.34784025
364|4|0.10458056
365|3|0.34784025
365|4|0.10458056
365|5|0.2909753
365|2|0.056603882
366|5|0.2909753
366|4|0.10458056
366|3|0.34784025
366|2|0.056603882
367|3|0.34784025
367|4|0.10458056
367|2|0.056603882
367|5|0.2909753
368|2|0.056603882
368|5|0.2909753
368|3|0.34784025
368|4|0.10458056
369|3|0.34784025
369|4|0.10458056
369|5|0.2909753
369|2|0.056603882
370|2|0.056603882
370|5|0.2909753
370|4|0.10458056
370|3|0.34784025
371|2|0.056603882
371|5|0.2909753
371|4|0.10458056
371|3|0.34784025
372|5|0.2909753
372|4|0.10458056
372|3|0.34784025
372|2|0.056603882
373|3|0.34784025
373|4|0.10458056
373|2|0.056603882
373|5|0.2909753
374|3|0.34784025
374|4|0.10458056
374|5|0.2909753
374|2|0.056603882
375|5|0.2909753
375|4|0.10458056
375|3|0.34784025
375|2|0.056603882
376|3|0.34784025
376|4|0.10458056
376|2|0.056603882
376|5|0.2909753
377|5|0.2909753
377|4|0.10458056
377|3|0.34784025
377|2|0.056603882
378|5|0.2909753
378|4|0.10458056
378|2|0.056603882
378|3|0.34784025
379|2|0.056603882
379|5|0.2909753
379|4|0.10458056
379|3|0.34784025
380|5|0.2909753
380|4|0.10458056
380|3|0.34784025
380|2|0.056603882
381|5|0.2909753
381|4|0.10458056
381|2|0.056603882
381|3|0.34784025
382|2|0.056603882
382|5|0.2909753
382|3|0.34784025
382|4|0.10458056
383|5|0.2909753
383|4|0.10458056
383|2|0.056603882
383|3|0.34784025
384|3|0.34784025
384|4|0.10458056
384|5|0.2909753
384|2|0.056603882
385|2|0.056603882
385|5|0.2909753
385|4|0.10458056
385|3|0.34784025
386|3|0.34784025
386|4|0.10458056
386|2|0.056603882
386|5|0.2909753
387|5|0.2909753
387|4|0.10458056
387|3|0.34784025
387|2|0.056603882
388|3|0.34784025
388|4|0.10458056
388|5|0.2909753
388|2|0.056603882
389|5|0.2909753
389|4|0.10458056
389|3|0.34784025
389|2|0.056603882
390|3|0.34784025
390|4|0.10458056
390|5|0.2909753
390|2|0.056603882
391|2|0.056603882
391|5|0.2909753
391|4|0.10458056
391|3|0.34784025
392|5|0.2909753
392|4|0.10458056
392|2|0.056603882
392|3|0.34784025
393|5|0.2909753
393|4|0.10458056
393|3|0.34784025
393|2|0.056603882
394|5|0.2909753
394|4|0.10458056
394|3|0.34784025
394|2|0.056603882
395|3|0.34784025
395|4|0.10458056
395|5|0.2909753
395|2|0.056603882
396|3|0.34784025
396|4|0.10458056
396|2|0.056603882
396|5|0.2909753
397|5|0.2909753
397|4|0.10458056
397|3|0.34784025
397|2|0.056603882
398|3|0.34784025
398|4|0.10458056
398|5|0.2909753
398|2|0.056603882
399|3|0.34784025
399|4|0.10458056
399|2|0.056603882
399|5|0.2909753
400|2|0.056603882
400|5|0.2909753
400|3|0.34784025
400|4|0.10458056
401|2|0.056603882
401|5|0.2909753
401|3|0.34784025
401|4|0.10458056
402|3|0.34784025
402|4|0.10458056
402|5|0.2909753
402|2|0.056603882
403|5|0.2909753
403|4|0.10458056
403|2|0.056603882
403|3|0.34784025
404|2|0.056603882
404|5|0.2909753
404|3|0.34784025
404|4|0.10458056
405|2|0.056603882
405|5|0.2909753
405|3|0.34784025
405|4|0.10458056
406|2|0.056603882
406|5|0.2909753
406|3|0.34784025
406|4|0.10458056
407|3|0.34784025
407|4|0.10458056
407|2|0.056603882
407|5|0.2909753
408|2|0.056603882
408|5|0.2909753
408|3|0.34784025
408|4|0.10458056
409|2|0.056603882
409|5|0.2909753
409|3|0.34784025
409|4|0.10458056
410|3|0.34784025
410|4|0.10458056
410|2|0.056603882
410|5|0.2909753
411|2|0.056603882
411|5|0.2909753
411|4|0.10458056
411|3|0.34784025
412|3|0.34784025
412|4|0.10458056
412|5|0.2909753
412|2|0.056603882
413|2|0.056603882
413|5|0.2909753
413|4|0.10458056
413|3|0.34784025
414|3|0.34784025
414|4|0.10458056
414|5|0.2909753
414|2|0.056603882
415|3|0.34784025
415|4|0.10458056
415|5|0.2909753
415|2|0.056603882
416|3|0.34784025
416|4|0.10458056
416|2|0.056603882
416|5|0.2909753
417|5|0.2909753
417|4|0.10458056
417|2|0.056603882
417|3|0.34784025
418|2|0.056603882
418|5|0.2909753
418|3|0.34784025
418|4|0.10458056
419|5|0.2909753
419|4|0.10458056
419|3|0.34784025
419|2|0.056603882
420|5|0.2909753
420|4|0.10458056
420|3|0.34784025
420|2|0.056603882
421|5|0.2909753
421|4|0.10458056
421|3|0.34784025
421|2|0.056603882
422|2|0.056603882
422|5|0.2909753
422|4|0.10458056
422|3|0.34784025
423|3|0.34784025
423|4|0.10458056
423|5|0.2909753
423|2|0.056603882
424|2|0.056603882
424|5|0.2909753
424|4|0.10458056
424|3|0.34784025
425|2|0.056603882
425|5|0.2909753
425|4|0.10458056
425|3|0.34784025
426|3|0.34784025
426|4|0.10458056
426|5|0.2909753
426|2|0.056603882
427|3|0.34784025
427|4|0.10458056
427|2|0.056603882
427|5|0.2909753
428|5|0.2909753
428|4|0.10458056
428|3|0.34784025
428|2|0.056603882
429|3|0.34784025
429|4|0.10458056
429|2|0.056603882
429|5|0.2909753
430|5|0.2909753
430|4|0.10458056
430|3|0.34784025
430|2|0.056603882
431|2|0.056603882
431|5|0.2909753
431|4|0.10458056
431|3|0.34784025
432|5|0.2909753
432|4|0.10458056
432|3|0.34784025
432|2|0.056603882
433|3|0.34784025
433|4|0.10458056
433|2|0.056603882
433|5|0.2909753
434|2|0.056603882
434|5|0.2909753
434|4|0.10458056
434|3|0.34784025
435|3|0.34784025
435|4|0.10458056
435|5|0.2909753
435|2|0.056603882
436|3|0.34784025
436|4|0.10458056
436|5|0.2909753
436|2|0.056603882
437|5|0.2909753
437|4|0.10458056
437|3|0.34784025
437|2|0.056603882
438|2|0.056603882
438|5|0.2909753
438|3|0.34784025
438|4|0.10458056
439|2|0.056603882
439|5|0.2909753
439|4|0.10458056
439|3|0.34784025
440|3|0.34784025
440|4|0.10458056
440|2|0.056603882
440|5|0.2909753
441|2|0.056603882
441|5|0.2909753
441|4|0.10458056
441|3|0.34784025
442|5|0.2909753
442|4|0.10458056
442|3|0.34784025
442|2|0.056603882
443|2|0.056603882
443|5|0.2909753
443|4|0.10458056
443|3|0.34784025
444|2|0.056603882
444|5|0.2909753
444|3|0.34784025
444|4|0.10458056
445|2|0.056603882
445|5|0.2909753
445|3|0.34784025
445|4|0.10458056
446|3|0.34784025
446|4|0.10458056
446|2|0.056603882
446|5|0.2909753
447|3|0.34784025
447|4|0.10458056
447|2|0.056603882
447|5|0.2909753
448|3|0.34784025
448|4|0.10458056
448|2|0.056603882
448|5|0.2909753
449|3|0.34784025
449|4|0.10458056
449|2|0.056603882
449|5|0.2909753
450|5|0.2909753
450|4|0.10458056
450|2|0.056603882
450|3|0.34784025
451|5|0.2909753
451|4|0.10458056
451|2|0.056603882
451|3|0.34784025
452|3|0.34784025
452|4|0.10458056
452|5|0.2909753
452|2|0.056603882
453|2|0.056603882
453|5|0.2909753
453|3|0.34784025
453|4|0.10458056
454|5|0.2909753
454|4|0.10458056
454|3|0.34784025
454|2|0.056603882
455|3|0.34784025
455|4|0.10458056
455|2|0.056603882
455|5|0.2909753
456|5|0.2909753
456|4|0.10458056
456|2|0.056603882
456|3|0.34784025
457|2|0.056603882
457|5|0.2909753
457|3|0.34784025
457|4|0.10458056
458|3|0.34784025
458|4|0.10458056
458|5|0.2909753
458|2|0.056603882
459|3|0.34784025
459|4|0.10458056
459|2|0.056603882
459|5|0.2909753
460|3|0.34784025
460|4|0.10458056
460|5|0.2909753
460|2|0.056603882
461|2|0.056603882
461|5|0.2909753
461|4|0.10458056
461|3|0.34784025
462|5|0.2909753
462|4|0.10458056
462|3|0.34784025
462|2|0.056603882
463|3|0.34784025
463|4|0.10458056
463|2|0.056603882
463|5|0.2909753
464|2|0.056603882
464|5|0.2909753
464|4|0.10458056
464|3|0.34784025
465|2|0.056603882
465|5|0.2909753
465|4|0.10458056
465|3|0.34784025
466|5|0.2909753
466|4|0.10458056
466|2|0.056603882
466|3|0.34784025
467|3|0.34784025
467|4|0.10458056
467|2|0.056603882
467|5|0.2909753
468|3|0.34784025
468|4|0.10458056
468|5|0.2909753
468|2|0.056603882
469|5|0.2909753
469|4|0.10458056
469|2|0.056603882
469|3|0.34784025
470|3|0.34784025
470|4|0.10458056
470|5|0.2909753
470|2|0.056603882
471|3|0.34784025
471|4|0.10458056
471|5|0.2909753
471|2|0.056603882
472|5|0.2909753
472|4|0.10458056
472|2|0.056603882
472|3|0.34784025
473|3|0.34784025
473|4|0.10458056
473|2|0.056603882
473|5|0.2909753
474|5|0.2909753
474|4|0.10458056
474|2|0.056603882
474|3|0.34784025
475|2|0.056603882
475|5|0.2909753
475|3|0.34784025
475|4|0.10458056
476|2|0.056603882
476|5|0.2909753
476|3|0.34784025
476|4|0.10458056
477|3|0.34784025
477|4|0.10458056
477|5|0.2909753
477|2|0.056603882
478|2|0.056603882
478|5|0.2909753
478|3|0.34784025
478|4|0.10458056
479|3|0.34784025
479|4|0.10458056
479|2|0.056603882
479|5|0.2909753
480|3|0.34784025
480|4|0.10458056
480|5|0.2909753
480|2|0.056603882
481|3|0.34784025
481|4|0.10458056
481|2|0.056603882
481|5|0.2909753
482|5|0.2909753
482|4|0.10458056
482|2|0.056603882
482|3|0.34784025
483|5|0.2909753
483|4|0.10458056
483|3|0.34784025
483|2|0.056603882
484|2|0.056603882
484|5|0.2909753
484|4|0.10458056
484|3|0.34784025
485|5|0.2909753
485|4|0.10458056
485|3|0.34784025
485|2|0.056603882
486|3|0.34784025
486|4|0.10458056
486|5|0.2909753
486|2|0.056603882
487|3|0.34784025
487|4|0.10458056
487|5|0.2909753
487|2|0.056603882
488|2|0.056603882
488|5|0.2909753
488|4|0.10458056
488|3|0.34784025
489|2|0.056603882
489|5|0.2909753
489|3|0.34784025
489|4|0.10458056
490|3|0.34784025
490|4|0.10458056
490|5|0.2909753
490|2|0.056603882
491|2|0.056603882
491|5|0.2909753
491|4|0.10458056
491|3|0.34784025
492|2|0.056603882
492|5|0.2909753
492|3|0.34784025
492|4|0.10458056
493|5|0.2909753
493|4|0.10458056
493|3|0.34784025
493|2|0.056603882
494|3|0.34784025
494|4|0.10458056
494|2|0.056603882
494|5|0.2909753
495|5|0.2909753
495|4|0.10458056
495|3|0.34784025
495|2|0.056603882
496|2|0.056603882
496|5|0.2909753
496|3|0.34784025
496|4|0.10458056
497|2|0.056603882
497|5|0.2909753
497|3|0.34784025
497|4|0.10458056
498|3|0.34784025
498|4|0.10458056
498|2|0.056603882
498|5|0.2909753
499|2|0.056603882
499|5|0.2909753
499|3|0.34784025
499|4|0.10458056
500|2|0.056603882
500|5|0.2909753
500|4|0.10458056
500|3|0.34784025
